50
29 41 30 47 36 45 26 17 19 13 21 3 8 33 39 42 10 48 9 28 5 24 43 12 25 27 34 38 35 11 20 44 32 7 40 18 2 0 6 37 22 46 31 1 16 49 23 14 4 15
360
26 21 2
3 14 47
30 21 29
20 14 24
33 5 19
13 2 47
11 7 42
30 9 12
45 12 6
47 8 40
19 3 34
29 10 23
21 37 30
41 5 14
39 16 3
42 35 49
30 27 46
9 24 2
29 13 11
16 15 2
41 26 48
31 1 3
19 0 26
25 38 9
17 34 6
20 4 28
8 1 16
41 3 25
10 23 29
5 16 14
41 35 49
19 38 44
17 24 29
38 2 15
11 46 10
29 46 4
42 4 45
26 19 15
48 28 12
3 20 26
34 2 17
30 24 27
45 42 24
10 0 46
26 10 15
44 40 17
28 20 41
0 1 40
21 42 45
5 38 10
45 6 15
41 28 14
42 5 17
35 31 42
17 44 0
40 4 12
13 33 35
29 11 46
6 15 18
11 44 1
33 20 41
27 16 39
10 48 49
29 43 25
43 25 24
48 1 19
10 49 30
43 14 15
39 43 22
2 46 36
36 32 6
19 21 33
2 37 5
45 39 44
19 42 43
21 1 19
37 49 20
41 33 9
25 34 29
41 8 22
10 28 29
48 2 37
6 49 25
16 49 27
5 14 39
29 6 46
17 44 45
48 22 3
26 24 1
33 16 30
1 49 14
22 23 10
9 22 23
19 43 44
24 0 31
40 4 5
22 46 48
38 2 27
42 46 13
26 19 5
19 28 18
9 16 17
11 18 29
33 31 49
25 2 19
22 15 8
38 2 30
16 49 34
25 7 22
17 16 14
11 16 30
19 13 48
9 5 2
34 0 16
36 5 38
21 42 0
45 13 2
34 20 47
25 37 39
21 24 46
22 23 37
24 11 4
33 12 36
29 12 2
24 34 46
39 40 31
5 15 45
21 39 17
39 2 3
38 0 15
48 38 18
11 1 49
41 26 40
33 25 37
9 20 10
36 8 10
25 35 0
28 11 29
13 48 22
12 40 4
43 0 45
45 26 13
11 18 10
21 18 0
4 15 29
39 20 6
17 48 38
39 20 23
29 13 40
43 32 9
26 37 49
39 34 36
32 15 47
11 18 36
38 11 5
11 18 5
22 14 24
11 14 48
13 0 4
35 16 25
29 45 23
47 26 35
25 32 17
37 22 4
23 4 10
20 31 8
16 49 9
3 25 17
22 14 8
11 16 25
25 11 46
29 41 11
36 42 34
1 14 27
3 10 18
33 7 8
31 1 25
8 42 30
20 46 3
26 44 16
39 18 6
3 11 4
5 4 39
23 4 38
30 5 0
9 35 23
36 19 13
34 22 47
45 18 31
12 38 1
9 43 46
47 49 30
43 20 14
8 33 37
48 35 29
37 31 13
39 5 25
37 4 0
48 22 10
13 24 6
8 34 36
18 2 25
37 16 14
26 3 49
9 24 12
43 23 29
18 31 23
18 16 34
29 4 15
45 34 16
45 14 47
38 32 45
43 2 21
6 23 44
39 12 11
11 2 38
7 31 24
47 8 1
19 37 46
26 34 29
38 2 9
27 0 28
5 0 13
7 14 8
29 18 4
48 35 1
0 6 2
0 15 25
41 47 16
41 9 11
13 48 19
41 21 29
7 18 42
43 34 19
48 5 32
3 38 21
2 6 24
48 7 39
21 15 13
13 4 36
0 23 21
17 37 45
47 48 37
41 22 29
35 0 24
33 10 8
42 23 30
37 4 36
38 44 41
11 15 47
33 49 17
5 44 29
43 20 39
24 20 2
29 47 2
25 23 48
10 31 21
22 46 26
10 24 2
42 18 46
20 49 34
13 42 41
26 22 47
5 11 36
27 18 39
30 24 44
36 3 4
36 8 15
30 36 9
28 14 26
8 27 19
47 36 44
32 23 25
32 14 30
22 15 42
33 48 4
20 44 46
17 16 45
41 33 18
7 4 28
18 6 17
2 0 25
17 21 26
9 23 36
22 14 29
37 4 30
18 46 8
7 31 38
16 4 3
2 1 44
27 46 13
20 32 5
26 13 4
41 7 2
18 16 30
45 7 14
6 23 48
36 42 14
13 9 24
44 15 26
13 28 47
38 16 36
21 48 13
45 39 16
45 8 0
11 0 29
38 15 30
7 22 25
39 27 2
41 47 31
11 6 15
19 39 27
33 4 15
0 31 33
29 34 14
26 24 29
24 38 41
5 18 2
6 4 0
46 31 49
44 1 14
39 38 30
6 23 18
45 12 44
11 22 29
25 23 24
10 34 39
17 10 5
13 34 17
33 35 30
3 32 14
33 0 22
42 12 3
17 16 49
28 31 26
34 22 45
35 4 47
8 35 37
9 35 0
19 48 23
12 14 33
38 16 49
10 6 8
45 10 23
5 40 10
2 16 24
38 2 37
41 36 35
26 10 47
17 24 47
37 22 32
42 9 38
17 34 40
41 44 0
9 7 29
47 45 19
40 6 10
43 15 13
37 46 35
45 42 14
