20
8 2 10 14 11 19 7 18 6 4 3 17 1 15 9 0 5 16 13 12
200
8 6 1
7 0 10
18 3 19
18 6 4
7 5 2
7 18 3
18 1 14
15 16 18
10 6 5
2 10 15
18 6 10
18 1 11
17 9 8
2 10 7
14 18 8
8 14 11
2 1 12
6 12 14
14 9 5
1 13 11
11 9 16
9 16 4
19 17 2
7 4 2
18 17 15
14 11 6
16 13 0
6 5 18
11 7 3
18 13 19
4 15 0
15 13 10
1 16 6
1 12 19
6 17 14
15 12 11
19 13 10
15 13 14
0 12 1
4 1 16
19 16 12
11 3 9
18 0 13
8 14 5
6 0 19
9 5 10
9 0 6
3 15 16
3 5 11
9 12 18
15 0 8
6 12 11
3 1 11
4 3 17
17 13 3
11 15 16
8 10 14
11 19 15
8 11 9
10 6 13
18 5 2
8 19 18
14 18 4
17 16 3
11 15 8
1 5 18
10 12 8
3 17 10
14 7 0
15 12 14
6 3 15
8 7 0
4 15 7
8 2 15
3 0 10
10 5 2
18 3 15
7 4 5
17 0 6
10 14 13
1 13 4
7 17 1
2 1 0
14 1 9
9 16 7
0 5 6
2 0 5
15 9 10
8 16 12
10 17 12
1 0 14
16 13 19
6 17 16
10 15 9
4 3 19
3 12 10
3 5 2
0 5 8
3 12 4
14 19 15
18 13 2
18 3 16
5 13 0
0 12 6
15 16 17
4 1 12
8 14 7
3 15 14
15 9 6
2 19 16
17 9 18
2 10 16
0 13 10
18 5 19
4 9 6
6 15 0
4 15 13
9 12 14
11 18 14
1 0 17
8 1 0
2 15 5
18 5 12
15 5 8
15 9 1
3 9 2
14 11 17
2 10 11
1 0 13
14 9 13
11 19 6
13 12 15
14 6 17
5 13 3
19 3 10
10 7 16
11 7 5
5 16 11
6 3 13
6 15 10
15 12 1
0 12 14
9 5 16
6 16 10
18 4 11
5 16 1
6 0 16
1 15 18
10 19 12
18 6 3
1 16 3
14 13 2
7 16 2
18 9 0
11 7 16
18 17 10
11 5 16
9 5 12
10 3 17
18 15 8
15 16 2
11 16 2
4 12 11
18 3 11
4 13 11
9 13 18
18 16 10
2 11 15
15 16 10
18 1 7
14 18 16
1 9 0
7 5 16
16 12 15
2 19 9
7 9 14
18 16 2
6 5 2
10 7 6
3 0 7
14 11 13
10 11 19
19 6 1
19 6 8
8 15 0
2 7 4
18 4 5
10 3 2
9 12 17
4 12 18
17 12 3
14 7 2
2 14 1
14 19 3
14 7 18
14 0 13
1 15 0
19 18 10
11 4 1
3 1 15
