10
0 1 2 3 4 5 6 7 8 9
100
2 8 0
8 0 4
9 8 3
8 1 9
3 1 8
3 0 5
8 0 2
9 8 1
2 0 7
3 0 9
9 8 5
3 1 2
5 0 4
2 5 3
3 1 0
1 0 9
2 5 7
4 6 3
5 3 0
2 4 8
7 3 0
6 3 1
5 6 0
1 0 3
2 9 6
8 5 3
5 3 4
5 6 4
2 9 4
4 0 2
4 3 0
1 0 7
4 8 9
2 4 0
5 1 7
5 6 8
1 0 5
2 9 0
6 1 2
6 1 0
4 5 2
2 1 7
2 4 6
9 5 1
8 1 0
7 9 3
4 5 6
8 1 2
2 9 8
7 2 6
7 4 8
9 0 7
7 9 5
8 6 7
9 8 2
8 6 1
3 1 7
7 1 0
9 8 6
8 3 1
7 4 0
9 6 0
6 3 8
8 3 7
5 0 7
9 1 0
9 6 2
8 6 9
4 1 0
1 0 8
7 4 6
9 4 7
8 3 9
5 3 1
6 3 0
8 5 0
5 3 7
6 3 2
1 0 2
8 5 2
6 3 4
6 1 9
2 9 7
2 3 7
5 3 9
5 1 4
2 4 1
2 3 1
2 9 3
2 4 3
5 6 9
5 1 0
4 3 9
4 8 0
4 5 7
7 2 9
2 1 0
7 9 0
5 1 8
7 2 5
